730
1172470
578080
1623730
440
1938090
1063730
2358720
271590
550
304930
1599340
236390
2246340
553850
230410
1245620
105600
2694490
431960
1086940
291550
4000
1085660
359550
252490
552990
346110
413150
242760
1491000
238960
218620
291480
901583
899770
340
1091500
381210
990080
438100
292030
945360
1097150
49520
227300
892970
739630
444090
1203220
320
70
582010
227940
252950
108600
1966720
1174180
1517290
1240440
648800
386360
444200
10
240
3164500
755790
400
1222670
550650
322330
239140
477160
251570
100
1665460
417910
433850
594650
814380
1116170
220
107410
1326470
219990
255710
261550
8930
304050
289070
377160
532210
2186680
1238810
3241660
221100
526870
1089350
632360
1811260
204360
218230
72850
394360
489830
322170
1446780
224260
203160
275850
367520
301520
767560
2050650
466240
284160
278360
264710
80
370910
40
275390
2881650
311210
333930
1172620
22380
250900
700330
10180
582660
1229490
1046930
1426210
2195250
2183900
883710
219640
306130
244210
268500
1794680
1818750
242050
30
236850
363970
379720
253710
273350
1782210
844870
601150
1286830
365670
319630
1293830
1145360
671860
427520
221380
231430
813820
594570
391540
976730
646570
588650
268910
439700
500
1118200
620
1551360
1049590
380
360
779340
233450
782330
223710
513710
677620
1677740
109600
397900
420
698780
435150
1100600
1604030
534380
766570
548430
294100
273110
868270
863550
1237970
555570
10190
424840
2669320
518790
365590
223470
241930
346900
3240220
440900
374320
1868140
304390
208090
48700
2630
12210
1144200
113400
1332010
206420
380600
225540
285800
286690
223750
1593500
386180
1238840
812140
1721470
960090
55230
262060
761890
2001120
281990
252130
211820
8190
6060
508440
115300
42910
39210
1222680
351940
1250
2623190
323190
1716740
813780
630
57300
395170
20920
212680
504370
286160
311690
355840
1145350
1366800
1196590
613100
1172380
202970
304430
3590
1260320
33930
212500
457140
620980
1222140
1817070
205100
24240
1506830
871720
962130
356190
274190
234140
8500
552520
7670
760160
1203620
270880
601510
397540
12120
236870
674940
884660
701160
1832640
208650
48000
